node, 0, 0, 1000
node, 399, 715.032, 192.023
node, 1, -98.0171, 995.185
node, 2, -195.09, 980.785
node, 393, 755.106, 295.957
node, 3, -290.285, 956.94
node, 4, -382.683, 923.88
node, 387, 795.872, 417.881
node, 5, -471.397, 881.921
node, 397, 632.699, 314.907
node, 6, -555.57, 831.47
node, 7, -634.393, 773.01
node, 407, 599.143, 107.37
node, 8, -707.107, 707.107
node, 9, 0, 932.648
node, 401, 314.56, 106.618
node, 10, 0, 869.623
node, 11, 0, 810.926
node, 395, 537.391, 430.79
node, 12, 0, 756.557
node, 13, -54.0333, 720.503
node, 405, 509.873, 213.005
node, 14, -107.632, 681.536
node, 15, -160.893, 641.429
node, 415, 365.057, 159.754
node, 16, -213.558, 599.317
node, 17, -265.45, 555.575
node, 409, 365.197, 264.11
node, 18, -316.767, 510.63
node, 19, -366.709, 463.72
node, 403, 415.183, 315.925
node, 20, -416.28, 416.28
node, 21, -485.741, 485.741
node, 413, 554.572, 53.6545
node, 22, -557.366, 557.366
node, 23, -631.154, 631.154
node, 487, 0, -211.572
node, 24, -86.6154, 920.428
node, 25, -75.4842, 849.729
node, 481, 53.5469, -462.188
node, 26, -64.6235, 783.087
node, 27, -172.414, 900.293
node, 411, 462.305, 159.95
node, 28, -150.279, 823.587
node, 29, -128.685, 750.668
node, 485, 0, -314.301
node, 30, -565.632, 692.036
node, 31, -493.435, 747.202
node, 431, 0, -810.926
node, 32, -417.881, 795.872
node, 33, -338.779, 837.87
node, 425, 382.683, -923.88
node, 34, -256.719, 872.788
node, 35, -496.764, 613.496
node, 419, 263.335, 53.356
node, 36, -432.923, 665.64
node, 37, -365.718, 712.797
node, 429, 0, -932.648
node, 38, -295.957, 755.106
node, 39, -223.966, 792.152
node, 439, 366.709, -463.72
node, 40, -366.486, 366.486
node, 41, -315.453, 315.453
node, 42, -264.019, 264.019
node, 433, 54.0333, -720.503
node, 43, -211.88, 211.88
node, 44, -159.314, 159.314
node, 427, 555.57, -831.47
node, 45, -106.432, 106.432
node, 46, -53.2555, 53.2555
node, 437, 265.45, -555.575
node, 47, 0, 0
node, 48, -430.79, 537.391
node, 447, 493.435, -747.202
node, 49, -374.034, 586.782
node, 50, -314.907, 632.699
node, 441, 75.4842, -849.729
node, 51, -254.216, 675.589
node, 52, -192.023, 715.032
node, 435, 160.893, -641.429
node, 53, -159.322, 263.372
node, 54, -106.618, 314.56
node, 445, 128.685, -750.668
node, 55, -53.3733, 364.619
node, 56, 0, 413.917
node, 391, 665.64, 432.923
node, 57, -315.925, 415.183
node, 58, -265.048, 463.406
node, 385, 692.036, 565.632
node, 59, -213.005, 509.873
node, 60, -160.5, 555.248
node, 443, 172.414, -900.293
node, 61, -107.37, 599.143
node, 62, -53.8081, 641.196
node, 389, 872.788, 256.719
node, 63, 0, 682.201
node, 64, -264.11, 365.197
node, 463, 53.3733, -364.619
node, 65, -212.509, 415.192
node, 66, -159.95, 462.305
node, 457, 374.034, -586.782
node, 67, -107.039, 509.103
node, 68, -53.6545, 554.572
node, 451, 496.764, -613.496
node, 69, 0, 598.362
node, 70, -211.987, 314.719
node, 461, 159.322, -263.372
node, 71, -159.754, 365.057
node, 72, -106.77, 414.058
node, 471, 0, -682.201
node, 73, -53.5469, 462.188
node, 74, 0, 509.138
node, 465, 315.925, -415.183
node, 75, -106.38, 211.449
node, 76, -53.356, 263.335
node, 459, 254.216, -675.589
node, 77, 0, 314.301
node, 78, -53.2325, 159.098
node, 469, 107.37, -599.143
node, 79, 0, 211.572
node, 80, 0, 106.245
node, 479, 159.754, -365.057
node, 81, 98.0171, 995.185
node, 82, 195.09, 980.785
node, 473, 212.509, -415.192
node, 83, 290.285, 956.94
node, 84, 382.683, 923.88
node, 467, 213.005, -509.873
node, 85, 471.397, 881.921
node, 86, 555.57, 831.47
node, 477, 0, -598.362
node, 87, 634.393, 773.01
node, 88, 707.107, 707.107
node, 89, 54.0333, 720.503
node, 90, 107.632, 681.536
node, 91, 160.893, 641.429
node, 92, 213.558, 599.317
node, 475, 107.039, -509.103
node, 93, 265.45, 555.575
node, 94, 316.767, 510.63
node, 95, 366.709, 463.72
node, 96, 416.28, 416.28
node, 495, -634.393, -773.01
node, 97, 485.741, 485.741
node, 98, 557.366, 557.366
node, 489, -98.0171, -995.185
node, 99, 631.154, 631.154
node, 100, 86.6154, 920.428
node, 483, 106.38, -211.449
node, 101, 75.4842, 849.729
node, 102, 64.6235, 783.087
node, 493, -471.397, -881.921
node, 103, 172.414, 900.293
node, 104, 150.279, 823.587
node, 503, -86.6154, -920.428
node, 105, 128.685, 750.668
node, 106, 565.632, 692.036
node, 497, -107.632, -681.536
node, 107, 493.435, 747.202
node, 108, 417.881, 795.872
node, 491, -290.285, -956.94
node, 109, 338.779, 837.87
node, 110, 256.719, 872.788
node, 501, -316.767, -510.63
node, 111, 496.764, 613.496
node, 112, 432.923, 665.64
node, 511, -417.881, -795.872
node, 113, 365.718, 712.797
node, 114, 295.957, 755.106
node, 505, -64.6235, -783.087
node, 115, 223.966, 792.152
node, 116, 366.486, 366.486
node, 499, -213.558, -599.317
node, 117, 315.453, 315.453
node, 118, 264.019, 264.019
node, 509, -565.632, -692.036
node, 119, 211.88, 211.88
node, 120, 159.314, 159.314
node, 455, 223.966, -792.152
node, 121, 106.432, 106.432
node, 122, 53.2555, 53.2555
node, 449, 338.779, -837.87
node, 123, 430.79, 537.391
node, 124, 374.034, 586.782
node, 507, -150.279, -823.587
node, 125, 314.907, 632.699
node, 126, 254.216, 675.589
node, 453, 365.718, -712.797
node, 127, 192.023, 715.032
node, 128, 159.322, 263.372
node, 129, 106.618, 314.56
node, 314, 750.668, -128.685
node, 130, 53.3733, 364.619
node, 131, 315.925, 415.183
node, 260, -586.782, -374.034
node, 132, 265.048, 463.406
node, 133, 213.005, 509.873
node, 318, 837.87, -338.779
node, 134, 160.5, 555.248
node, 135, 107.37, 599.143
node, 312, 900.293, -172.414
node, 136, 53.8081, 641.196
node, 137, 264.11, 365.197
node, 258, -53.2555, -53.2555
node, 138, 212.509, 415.192
node, 139, 159.95, 462.305
node, 268, -463.406, -265.048
node, 140, 107.039, 509.103
node, 141, 53.6545, 554.572
node, 262, -675.589, -254.216
node, 142, 211.987, 314.719
node, 143, 159.754, 365.057
node, 256, -159.314, -159.314
node, 144, 106.77, 414.058
node, 145, 53.5469, 462.188
node, 266, -364.619, -53.3733
node, 146, 106.38, 211.449
node, 147, 53.356, 263.335
node, 276, -509.103, -107.039
node, 148, 53.2325, 159.098
node, 149, -1000, 0
node, 270, -555.248, -160.5
node, 150, -995.185, 98.0171
node, 151, -980.785, 195.09
node, 264, -263.372, -159.322
node, 152, -956.94, 290.285
node, 153, -923.88, 382.683
node, 274, -415.192, -212.509
node, 154, -881.921, 471.397
node, 155, -831.47, 555.57
node, 284, -159.098, -53.2325
node, 156, -773.01, 634.393
node, 157, -932.648, 0
node, 278, -314.719, -211.987
node, 158, -869.623, 0
node, 159, -810.926, 0
node, 272, -641.196, -53.8081
node, 160, -756.557, 0
node, 161, -720.503, 54.0333
node, 162, -681.536, 107.632
node, 163, -641.429, 160.893
node, 292, 773.01, -634.393
node, 164, -599.317, 213.558
node, 165, -555.575, 265.45
node, 166, -510.63, 316.767
node, 167, -463.72, 366.709
node, 168, -920.428, 86.6154
node, 169, -849.729, 75.4842
node, 290, 881.921, -471.397
node, 170, -783.087, 64.6235
node, 171, -900.293, 172.414
node, 300, 641.429, -160.893
node, 172, -823.587, 150.279
node, 173, -750.668, 128.685
node, 294, 932.648, 0
node, 174, -692.036, 565.632
node, 175, -747.202, 493.435
node, 288, 956.94, -290.285
node, 176, -795.872, 417.881
node, 177, -837.87, 338.779
node, 298, 720.503, -54.0333
node, 178, -872.788, 256.719
node, 179, -613.496, 496.764
node, 308, 631.154, -631.154
node, 180, -665.64, 432.923
node, 181, -712.797, 365.718
node, 302, 555.575, -265.45
node, 182, -755.106, 295.957
node, 183, -792.152, 223.966
node, 296, 810.926, 0
node, 184, -537.391, 430.79
node, 185, -586.782, 374.034
node, 306, 485.741, -485.741
node, 186, -632.699, 314.907
node, 187, -675.589, 254.216
node, 316, 747.202, -493.435
node, 188, -715.032, 192.023
node, 189, -263.372, 159.322
node, 310, 849.729, -75.4842
node, 190, -314.56, 106.618
node, 191, -364.619, 53.3733
node, 304, 463.72, -366.709
node, 192, -413.917, 0
node, 193, -415.183, 315.925
node, 378, 463.72, 366.709
node, 194, -463.406, 265.048
node, 195, -509.873, 213.005
node, 324, 792.152, -223.966
node, 196, -555.248, 160.5
node, 197, -599.143, 107.37
node, 382, 900.293, 172.414
node, 198, -641.196, 53.8081
node, 199, -682.201, 0
node, 376, 555.575, 265.45
node, 200, -365.197, 264.11
node, 201, -415.192, 212.509
node, 322, 712.797, -365.718
node, 202, -462.305, 159.95
node, 203, -509.103, 107.039
node, 332, 537.391, -430.79
node, 204, -554.572, 53.6545
node, 205, -598.362, 0
node, 326, 315.453, -315.453
node, 206, -314.719, 211.987
node, 207, -365.057, 159.754
node, 320, 613.496, -496.764
node, 208, -414.058, 106.77
node, 209, -462.188, 53.5469
node, 330, 106.432, -106.432
node, 210, -509.138, 0
node, 211, -211.449, 106.38
node, 340, 413.917, 0
node, 212, -263.335, 53.356
node, 213, -314.301, 0
node, 334, 632.699, -314.907
node, 214, -159.098, 53.2325
node, 215, -211.572, 0
node, 328, 211.88, -211.88
node, 216, -106.245, 0
node, 217, -995.185, -98.0171
node, 338, 314.56, -106.618
node, 218, -980.785, -195.09
node, 219, -956.94, -290.285
node, 348, 365.197, -264.11
node, 220, -923.88, -382.683
node, 221, -881.921, -471.397
node, 342, 463.406, -265.048
node, 222, -831.47, -555.57
node, 223, -773.01, -634.393
node, 336, 715.032, -192.023
node, 224, -707.107, -707.107
node, 225, -720.503, -54.0333
node, 282, -211.449, -106.38
node, 226, -681.536, -107.632
node, 227, -641.429, -160.893
node, 356, 414.058, -106.77
node, 228, -599.317, -213.558
node, 229, -555.575, -265.45
node, 286, 995.185, -98.0171
node, 230, -510.63, -316.767
node, 231, -463.72, -366.709
node, 280, -414.058, -106.77
node, 232, -416.28, -416.28
node, 233, -485.741, -485.741
node, 354, 314.719, -211.987
node, 234, -557.366, -557.366
node, 235, -631.154, -631.154
node, 364, 106.245, 0
node, 236, -920.428, -86.6154
node, 237, -849.729, -75.4842
node, 358, 509.138, 0
node, 238, -783.087, -64.6235
node, 239, -900.293, -172.414
node, 352, 554.572, -53.6545
node, 240, -823.587, -150.279
node, 241, -750.668, -128.685
node, 362, 159.098, -53.2325
node, 242, -692.036, -565.632
node, 243, -747.202, -493.435
node, 372, 720.503, 54.0333
node, 244, -795.872, -417.881
node, 245, -837.87, -338.779
node, 366, 980.785, 195.09
node, 246, -872.788, -256.719
node, 247, -613.496, -496.764
node, 360, 263.335, -53.356
node, 248, -665.64, -432.923
node, 249, -712.797, -365.718
node, 370, 831.47, 555.57
node, 250, -755.106, -295.957
node, 251, -792.152, -223.966
node, 380, 849.729, 75.4842
node, 252, -366.486, -366.486
node, 253, -315.453, -315.453
node, 374, 641.429, 160.893
node, 254, -264.019, -264.019
node, 255, -211.88, -211.88
node, 368, 923.88, 382.683
node, 257, -106.432, -106.432
node, 259, -537.391, -430.79
node, 261, -632.699, -314.907
node, 263, -715.032, -192.023
node, 265, -314.56, -106.618
node, 267, -415.183, -315.925
node, 269, -509.873, -213.005
node, 271, -599.143, -107.37
node, 273, -365.197, -264.11
node, 275, -462.305, -159.95
node, 277, -554.572, -53.6545
node, 279, -365.057, -159.754
node, 281, -462.188, -53.5469
node, 283, -263.335, -53.356
node, 285, 1000, 0
node, 287, 980.785, -195.09
node, 289, 923.88, -382.683
node, 291, 831.47, -555.57
node, 293, 707.107, -707.107
node, 295, 869.623, 0
node, 297, 756.557, 0
node, 299, 681.536, -107.632
node, 301, 599.317, -213.558
node, 303, 510.63, -316.767
node, 305, 416.28, -416.28
node, 307, 557.366, -557.366
node, 309, 920.428, -86.6154
node, 311, 783.087, -64.6235
node, 313, 823.587, -150.279
node, 315, 692.036, -565.632
node, 317, 795.872, -417.881
node, 319, 872.788, -256.719
node, 321, 665.64, -432.923
node, 323, 755.106, -295.957
node, 325, 366.486, -366.486
node, 327, 264.019, -264.019
node, 329, 159.314, -159.314
node, 331, 53.2555, -53.2555
node, 333, 586.782, -374.034
node, 335, 675.589, -254.216
node, 337, 263.372, -159.322
node, 339, 364.619, -53.3733
node, 341, 415.183, -315.925
node, 343, 509.873, -213.005
node, 344, 555.248, -160.5
node, 345, 599.143, -107.37
node, 346, 641.196, -53.8081
node, 347, 682.201, 0
node, 349, 415.192, -212.509
node, 350, 462.305, -159.95
node, 351, 509.103, -107.039
node, 353, 598.362, 0
node, 355, 365.057, -159.754
node, 357, 462.188, -53.5469
node, 359, 211.449, -106.38
node, 361, 314.301, 0
node, 363, 211.572, 0
node, 365, 995.185, 98.0171
node, 367, 956.94, 290.285
node, 369, 881.921, 471.397
node, 371, 773.01, 634.393
node, 373, 681.536, 107.632
node, 375, 599.317, 213.558
node, 377, 510.63, 316.767
node, 379, 920.428, 86.6154
node, 381, 783.087, 64.6235
node, 383, 823.587, 150.279
node, 529, -213.005, -509.873
node, 384, 750.668, 128.685
node, 386, 747.202, 493.435
node, 533, -264.11, -365.197
node, 388, 837.87, 338.779
node, 390, 613.496, 496.764
node, 537, -53.6545, -554.572
node, 392, 712.797, 365.718
node, 394, 792.152, 223.966
node, 541, -53.5469, -462.188
node, 396, 586.782, 374.034
node, 398, 675.589, 254.216
node, 400, 263.372, 159.322
node, 402, 364.619, 53.3733
node, 404, 463.406, 265.048
node, 406, 555.248, 160.5
node, 408, 641.196, 53.8081
node, 410, 415.192, 212.509
node, 412, 509.103, 107.039
node, 414, 314.719, 211.987
node, 416, 414.058, 106.77
node, 417, 462.188, 53.5469
node, 418, 211.449, 106.38
node, 420, 159.098, 53.2325
node, 421, 0, -1000
node, 422, 98.0171, -995.185
node, 423, 195.09, -980.785
node, 424, 290.285, -956.94
node, 426, 471.397, -881.921
node, 428, 634.393, -773.01
node, 430, 0, -869.623
node, 513, -256.719, -872.788
node, 432, 0, -756.557
node, 434, 107.632, -681.536
node, 517, -295.957, -755.106
node, 436, 213.558, -599.317
node, 438, 316.767, -510.63
node, 521, -314.907, -632.699
node, 440, 86.6154, -920.428
node, 442, 64.6235, -783.087
node, 525, -106.618, -314.56
node, 444, 150.279, -823.587
node, 446, 565.632, -692.036
node, 448, 417.881, -795.872
node, 450, 256.719, -872.788
node, 452, 432.923, -665.64
node, 454, 295.957, -755.106
node, 456, 430.79, -537.391
node, 458, 314.907, -632.699
node, 460, 192.023, -715.032
node, 462, 106.618, -314.56
node, 464, 0, -413.917
node, 466, 265.048, -463.406
node, 468, 160.5, -555.248
node, 470, 53.8081, -641.196
node, 472, 264.11, -365.197
node, 474, 159.95, -462.305
node, 476, 53.6545, -554.572
node, 478, 211.987, -314.719
node, 480, 106.77, -414.058
node, 482, 0, -509.138
node, 484, 53.356, -263.335
node, 486, 53.2325, -159.098
node, 488, 0, -106.245
node, 490, -195.09, -980.785
node, 492, -382.683, -923.88
node, 494, -555.57, -831.47
node, 496, -54.0333, -720.503
node, 498, -160.893, -641.429
node, 500, -265.45, -555.575
node, 502, -366.709, -463.72
node, 504, -75.4842, -849.729
node, 506, -172.414, -900.293
node, 508, -128.685, -750.668
node, 510, -493.435, -747.202
node, 512, -338.779, -837.87
node, 514, -496.764, -613.496
node, 515, -432.923, -665.64
node, 516, -365.718, -712.797
node, 518, -223.966, -792.152
node, 519, -430.79, -537.391
node, 520, -374.034, -586.782
node, 522, -254.216, -675.589
node, 523, -192.023, -715.032
node, 524, -159.322, -263.372
node, 526, -53.3733, -364.619
node, 527, -315.925, -415.183
node, 528, -265.048, -463.406
node, 530, -160.5, -555.248
node, 531, -107.37, -599.143
node, 532, -53.8081, -641.196
node, 534, -212.509, -415.192
node, 535, -159.95, -462.305
node, 536, -107.039, -509.103
node, 538, -211.987, -314.719
node, 539, -159.754, -365.057
node, 540, -106.77, -414.058
node, 542, -106.38, -211.449
node, 543, -53.356, -263.335
node, 544, -53.2325, -159.098
line, 0, 0, 1, 0
line, 399, 110, 104, 0
line, 1052, 367, 389, 0
line, 944, 348, 327, 0
line, 1, 1, 2, 0
line, 2, 2, 3, 0
line, 393, 85, 109, 0
line, 1054, 394, 399, 0
line, 3, 3, 4, 0
line, 387, 124, 93, 0
line, 1463, 253, 533, 0
line, 4, 4, 5, 0
line, 5, 5, 6, 0
line, 948, 304, 341, 0
line, 397, 89, 63, 0
line, 1457, 527, 528, 0
line, 6, 6, 7, 0
line, 7, 7, 8, 0
line, 1124, 410, 414, 0
line, 407, 152, 153, 0
line, 8, 0, 9, 0
line, 9, 9, 10, 0
line, 952, 337, 359, 0
line, 1126, 376, 404, 0
line, 401, 83, 103, 0
line, 10, 10, 11, 0
line, 11, 11, 12, 0
line, 395, 115, 105, 0
line, 1471, 539, 540, 0
line, 12, 12, 13, 0
line, 13, 13, 14, 0
line, 956, 342, 349, 0
line, 405, 150, 151, 0
line, 1465, 534, 535, 0
line, 14, 14, 15, 0
line, 15, 15, 16, 0
line, 1132, 378, 403, 0
line, 415, 159, 160, 0
line, 16, 16, 17, 0
line, 17, 17, 18, 0
line, 896, 352, 353, 0
line, 1134, 409, 414, 0
line, 409, 154, 155, 0
line, 18, 18, 19, 0
line, 19, 19, 20, 0
line, 403, 82, 100, 0
line, 1415, 503, 429, 0
line, 20, 20, 21, 0
line, 21, 21, 22, 0
line, 900, 356, 357, 0
line, 413, 157, 158, 0
line, 1409, 509, 510, 0
line, 22, 22, 23, 0
line, 23, 23, 8, 0
line, 1140, 404, 410, 0
line, 487, 41, 200, 0
line, 24, 1, 24, 0
line, 25, 24, 25, 0
line, 904, 360, 361, 0
line, 1142, 415, 401, 0
line, 481, 193, 194, 0
line, 26, 25, 26, 0
line, 27, 26, 13, 0
line, 28, 2, 27, 0
line, 1423, 504, 430, 0
line, 411, 156, 8, 0
line, 908, 47, 364, 0
line, 29, 27, 28, 0
line, 30, 28, 29, 0
line, 1417, 514, 515, 0
line, 485, 197, 198, 0
line, 31, 29, 14, 0
line, 32, 23, 30, 0
line, 431, 173, 162, 0
line, 1084, 409, 410, 0
line, 848, 328, 329, 0
line, 33, 30, 31, 0
line, 34, 31, 32, 0
line, 728, 279, 264, 0
line, 425, 168, 169, 0
line, 1086, 411, 412, 0
line, 35, 32, 33, 0
line, 36, 33, 34, 0
line, 1367, 457, 437, 0
line, 419, 163, 164, 0
line, 852, 306, 332, 0
line, 37, 34, 27, 0
line, 38, 27, 24, 0
line, 1361, 453, 459, 0
line, 732, 274, 278, 0
line, 429, 171, 172, 0
line, 39, 24, 9, 0
line, 40, 22, 35, 0
line, 439, 168, 157, 0
line, 1028, 99, 385, 0
line, 856, 335, 336, 0
line, 41, 35, 36, 0
line, 42, 36, 37, 0
line, 433, 174, 175, 0
line, 1030, 386, 387, 0
line, 43, 37, 38, 0
line, 44, 38, 39, 0
line, 1375, 455, 445, 0
line, 427, 170, 161, 0
line, 860, 288, 319, 0
line, 45, 39, 28, 0
line, 46, 28, 25, 0
line, 1369, 427, 448, 0
line, 437, 178, 171, 0
line, 47, 25, 10, 0
line, 48, 20, 40, 0
line, 447, 169, 158, 0
line, 1036, 98, 390, 0
line, 928, 345, 351, 0
line, 49, 40, 41, 0
line, 50, 41, 42, 0
line, 441, 179, 180, 0
line, 1038, 391, 392, 0
line, 51, 42, 43, 0
line, 52, 43, 44, 0
line, 1447, 520, 501, 0
line, 435, 176, 177, 0
line, 932, 359, 330, 0
line, 53, 44, 45, 0
line, 54, 45, 46, 0
line, 1441, 521, 516, 0
line, 445, 183, 172, 0
line, 55, 46, 47, 0
line, 56, 21, 48, 0
line, 391, 114, 127, 0
line, 1044, 97, 395, 0
line, 936, 355, 337, 0
line, 57, 48, 49, 0
line, 58, 49, 50, 0
line, 385, 125, 92, 0
line, 1046, 396, 397, 0
line, 59, 50, 51, 0
line, 60, 51, 52, 0
line, 1455, 526, 464, 0
line, 443, 181, 182, 0
line, 940, 349, 354, 0
line, 61, 52, 29, 0
line, 62, 29, 26, 0
line, 1449, 509, 514, 0
line, 389, 86, 108, 0
line, 63, 26, 11, 0
line, 64, 3, 34, 0
line, 463, 187, 164, 0
line, 1116, 418, 121, 0
line, 1008, 368, 369, 0
line, 65, 34, 39, 0
line, 66, 39, 52, 0
line, 457, 178, 183, 0
line, 1118, 406, 411, 0
line, 67, 52, 15, 0
line, 68, 4, 33, 0
line, 1527, 535, 540, 0
line, 451, 186, 187, 0
line, 1012, 297, 372, 0
line, 69, 33, 38, 0
line, 70, 38, 51, 0
line, 1521, 534, 539, 0
line, 461, 177, 182, 0
line, 71, 51, 16, 0
line, 72, 17, 50, 0
line, 471, 185, 166, 0
line, 1188, 421, 422, 0
line, 1016, 375, 376, 0
line, 73, 50, 37, 0
line, 74, 37, 32, 0
line, 465, 186, 181, 0
line, 1190, 423, 424, 0
line, 75, 32, 5, 0
line, 76, 6, 31, 0
line, 1535, 531, 537, 0
line, 459, 188, 163, 0
line, 1020, 365, 379, 0
line, 77, 31, 36, 0
line, 78, 36, 49, 0
line, 1529, 526, 485, 0
line, 469, 175, 180, 0
line, 79, 49, 18, 0
line, 801, 290, 291, 0
line, 80, 7, 30, 0
line, 479, 191, 192, 0
line, 1196, 421, 429, 0
line, 960, 360, 363, 0
line, 81, 30, 35, 0
line, 1318, 436, 467, 0
line, 82, 35, 48, 0
line, 473, 174, 179, 0
line, 1198, 430, 431, 0
line, 83, 48, 19, 0
line, 805, 294, 295, 0
line, 84, 43, 53, 0
line, 1479, 258, 488, 0
line, 467, 176, 154, 0
line, 964, 356, 339, 0
line, 85, 53, 54, 0
line, 86, 54, 55, 0
line, 1473, 541, 482, 0
line, 477, 189, 190, 0
line, 87, 55, 56, 0
line, 1316, 479, 461, 0
line, 809, 298, 299, 0
line, 88, 40, 57, 0
line, 968, 351, 357, 0
line, 89, 57, 58, 0
line, 1326, 465, 326, 0
line, 90, 58, 59, 0
line, 91, 59, 60, 0
line, 813, 302, 303, 0
line, 92, 60, 61, 0
line, 1487, 541, 526, 0
line, 475, 184, 167, 0
line, 972, 352, 358, 0
line, 93, 61, 62, 0
line, 94, 62, 63, 0
line, 1481, 503, 430, 0
line, 95, 41, 64, 0
line, 1324, 472, 327, 0
line, 96, 64, 65, 0
line, 495, 207, 208, 0
line, 1148, 416, 402, 0
line, 912, 340, 358, 0
line, 97, 65, 66, 0
line, 98, 66, 67, 0
line, 489, 201, 202, 0
line, 1150, 375, 406, 0
line, 99, 67, 68, 0
line, 100, 68, 69, 0
line, 1431, 505, 431, 0
line, 483, 195, 196, 0
line, 916, 286, 294, 0
line, 101, 42, 70, 0
line, 102, 70, 71, 0
line, 1425, 519, 520, 0
line, 493, 42, 206, 0
line, 103, 71, 72, 0
line, 104, 72, 73, 0
line, 503, 46, 216, 0
line, 1092, 416, 417, 0
line, 920, 298, 346, 0
line, 105, 73, 74, 0
line, 106, 44, 75, 0
line, 497, 209, 210, 0
line, 1094, 120, 418, 0
line, 107, 75, 76, 0
line, 108, 76, 77, 0
line, 1439, 522, 499, 0
line, 491, 203, 204, 0
line, 924, 339, 360, 0
line, 109, 45, 78, 0
line, 110, 78, 79, 0
line, 1433, 513, 518, 0
line, 501, 45, 214, 0
line, 111, 46, 80, 0
line, 112, 47, 80, 0
line, 511, 199, 160, 0
line, 1100, 365, 294, 0
line, 992, 336, 299, 0
line, 113, 80, 79, 0
line, 114, 79, 77, 0
line, 505, 216, 215, 0
line, 1102, 380, 296, 0
line, 115, 77, 56, 0
line, 116, 56, 74, 0
line, 1511, 502, 252, 0
line, 499, 211, 212, 0
line, 996, 314, 298, 0
line, 117, 74, 69, 0
line, 118, 69, 63, 0
line, 1505, 538, 255, 0
line, 509, 210, 205, 0
line, 119, 63, 12, 0
line, 120, 1, 9, 0
line, 455, 170, 159, 0
line, 1108, 402, 419, 0
line, 1000, 313, 311, 0
line, 121, 24, 10, 0
line, 122, 25, 11, 0
line, 449, 184, 185, 0
line, 1110, 420, 122, 0
line, 123, 26, 12, 0
line, 124, 13, 62, 0
line, 1519, 501, 528, 0
line, 507, 213, 192, 0
line, 1004, 285, 365, 0
line, 125, 62, 68, 0
line, 126, 68, 73, 0
line, 1513, 527, 533, 0
line, 453, 188, 173, 0
line, 127, 73, 55, 0
line, 785, 221, 245, 0
line, 128, 55, 76, 0
line, 129, 76, 78, 0
line, 1302, 476, 481, 0
line, 314, 148, 79, 0
line, 130, 78, 46, 0
line, 131, 14, 61, 0
line, 260, 97, 123, 0
line, 1207, 439, 305, 0
line, 789, 225, 199, 0
line, 132, 61, 67, 0
line, 133, 67, 72, 0
line, 318, 101, 11, 0
line, 1193, 426, 427, 0
line, 134, 72, 54, 0
line, 135, 54, 75, 0
line, 1300, 433, 470, 0
line, 312, 147, 77, 0
line, 793, 219, 239, 0
line, 136, 75, 45, 0
line, 137, 15, 60, 0
line, 1310, 480, 462, 0
line, 258, 121, 122, 0
line, 138, 60, 66, 0
line, 139, 66, 71, 0
line, 268, 83, 110, 0
line, 1215, 445, 434, 0
line, 797, 286, 287, 0
line, 140, 71, 53, 0
line, 141, 53, 44, 0
line, 262, 124, 125, 0
line, 1201, 433, 434, 0
line, 142, 16, 59, 0
line, 143, 59, 65, 0
line, 1308, 469, 475, 0
line, 256, 119, 120, 0
line, 865, 318, 323, 0
line, 144, 65, 70, 0
line, 145, 70, 43, 0
line, 1382, 443, 441, 0
line, 266, 105, 102, 0
line, 146, 17, 58, 0
line, 147, 58, 64, 0
line, 276, 93, 125, 0
line, 1159, 97, 378, 0
line, 869, 334, 322, 0
line, 148, 64, 42, 0
line, 149, 18, 57, 0
line, 270, 115, 127, 0
line, 1209, 440, 441, 0
line, 150, 57, 41, 0
line, 151, 19, 40, 0
line, 1380, 444, 442, 0
line, 264, 126, 127, 0
line, 873, 316, 321, 0
line, 152, 19, 57, 0
line, 153, 57, 64, 0
line, 1390, 494, 495, 0
line, 274, 114, 126, 0
line, 154, 64, 70, 0
line, 155, 70, 53, 0
line, 284, 87, 106, 0
line, 1167, 385, 391, 0
line, 877, 315, 320, 0
line, 156, 53, 75, 0
line, 157, 75, 78, 0
line, 278, 113, 108, 0
line, 1153, 417, 340, 0
line, 158, 78, 80, 0
line, 159, 18, 58, 0
line, 1388, 492, 493, 0
line, 272, 84, 109, 0
line, 817, 306, 307, 0
line, 160, 58, 65, 0
line, 976, 307, 332, 0
line, 161, 65, 71, 0
line, 1334, 486, 488, 0
line, 162, 71, 54, 0
line, 163, 54, 76, 0
line, 292, 116, 131, 0
line, 1111, 373, 407, 0
line, 821, 309, 310, 0
line, 164, 76, 79, 0
line, 1495, 525, 542, 0
line, 980, 316, 322, 0
line, 165, 17, 59, 0
line, 166, 59, 66, 0
line, 1489, 543, 544, 0
line, 167, 66, 72, 0
line, 1332, 461, 483, 0
line, 825, 312, 313, 0
line, 168, 72, 55, 0
line, 984, 321, 334, 0
line, 169, 55, 77, 0
line, 1342, 467, 474, 0
line, 290, 129, 130, 0
line, 170, 16, 60, 0
line, 171, 60, 67, 0
line, 300, 137, 138, 0
line, 1119, 411, 415, 0
line, 829, 315, 316, 0
line, 172, 67, 73, 0
line, 1503, 529, 534, 0
line, 988, 332, 303, 0
line, 173, 73, 56, 0
line, 294, 132, 133, 0
line, 1105, 408, 413, 0
line, 174, 15, 61, 0
line, 1497, 498, 530, 0
line, 175, 61, 68, 0
line, 1340, 484, 487, 0
line, 288, 119, 128, 0
line, 769, 235, 247, 0
line, 176, 68, 74, 0
line, 177, 14, 62, 0
line, 1286, 486, 487, 0
line, 298, 136, 63, 0
line, 178, 62, 69, 0
line, 179, 21, 19, 0
line, 308, 144, 145, 0
line, 1191, 424, 425, 0
line, 773, 249, 262, 0
line, 180, 22, 48, 0
line, 181, 23, 35, 0
line, 302, 139, 140, 0
line, 1113, 412, 416, 0
line, 182, 8, 30, 0
line, 183, 7, 31, 0
line, 1284, 484, 485, 0
line, 296, 134, 135, 0
line, 777, 261, 228, 0
line, 184, 31, 37, 0
line, 185, 37, 51, 0
line, 1294, 477, 471, 0
line, 306, 142, 143, 0
line, 186, 51, 15, 0
line, 187, 30, 36, 0
line, 316, 81, 9, 0
line, 1199, 431, 432, 0
line, 781, 222, 244, 0
line, 188, 36, 50, 0
line, 189, 50, 16, 0
line, 310, 120, 146, 0
line, 1185, 367, 382, 0
line, 190, 35, 49, 0
line, 191, 49, 17, 0
line, 1292, 464, 482, 0
line, 304, 141, 69, 0
line, 849, 329, 330, 0
line, 192, 48, 18, 0
line, 193, 6, 32, 0
line, 1366, 451, 457, 0
line, 378, 88, 106, 0
line, 194, 32, 38, 0
line, 195, 38, 52, 0
line, 324, 130, 147, 0
line, 1271, 326, 472, 0
line, 853, 332, 333, 0
line, 196, 52, 14, 0
line, 197, 5, 33, 0
line, 382, 126, 91, 0
line, 1257, 446, 451, 0
line, 198, 33, 39, 0
line, 199, 39, 29, 0
line, 1364, 452, 458, 0
line, 376, 98, 123, 0
line, 857, 336, 314, 0
line, 200, 29, 13, 0
line, 201, 13, 63, 0
line, 1374, 449, 455, 0
line, 322, 141, 145, 0
line, 202, 4, 34, 0
line, 203, 34, 28, 0
line, 332, 146, 121, 0
line, 1279, 479, 480, 0
line, 861, 319, 324, 0
line, 204, 28, 26, 0
line, 205, 3, 27, 0
line, 326, 148, 122, 0
line, 1265, 465, 466, 0
line, 206, 27, 25, 0
line, 207, 2, 24, 0
line, 1372, 460, 434, 0
line, 320, 89, 136, 0
line, 929, 351, 356, 0
line, 208, 0, 81, 0
line, 209, 81, 82, 0
line, 1446, 515, 520, 0
line, 330, 144, 129, 0
line, 210, 82, 83, 0
line, 211, 83, 84, 0
line, 549, 211, 214, 0
line, 340, 138, 142, 0
line, 1223, 440, 429, 0
line, 933, 300, 344, 0
line, 212, 84, 85, 0
line, 213, 85, 86, 0
line, 334, 134, 139, 0
line, 1273, 473, 474, 0
line, 214, 86, 87, 0
line, 215, 87, 88, 0
line, 1444, 494, 510, 0
line, 328, 135, 140, 0
line, 937, 337, 329, 0
line, 216, 12, 89, 0
line, 217, 89, 90, 0
line, 1454, 525, 526, 0
line, 338, 92, 133, 0
line, 218, 90, 91, 0
line, 219, 91, 92, 0
line, 557, 165, 195, 0
line, 348, 95, 131, 0
line, 1231, 441, 430, 0
line, 941, 354, 328, 0
line, 220, 92, 93, 0
line, 221, 93, 94, 0
line, 342, 93, 132, 0
line, 1217, 446, 447, 0
line, 222, 94, 95, 0
line, 336, 143, 128, 0
line, 545, 193, 200, 0
line, 1452, 255, 524, 0
line, 223, 95, 96, 0
line, 224, 96, 97, 0
line, 881, 337, 338, 0
line, 282, 112, 124, 0
line, 1398, 501, 502, 0
line, 225, 97, 98, 0
line, 226, 98, 99, 0
line, 1175, 393, 399, 0
line, 356, 132, 138, 0
line, 227, 99, 88, 0
line, 228, 81, 100, 0
line, 885, 341, 342, 0
line, 1161, 99, 390, 0
line, 286, 111, 123, 0
line, 229, 100, 101, 0
line, 230, 101, 102, 0
line, 280, 86, 107, 0
line, 1396, 499, 500, 0
line, 231, 102, 89, 0
line, 232, 82, 103, 0
line, 889, 345, 346, 0
line, 354, 148, 80, 0
line, 1406, 507, 508, 0
line, 233, 103, 104, 0
line, 234, 104, 105, 0
line, 1183, 389, 383, 0
line, 364, 144, 130, 0
line, 235, 105, 90, 0
line, 236, 99, 106, 0
line, 893, 349, 350, 0
line, 1169, 397, 375, 0
line, 358, 143, 129, 0
line, 237, 106, 107, 0
line, 238, 107, 108, 0
line, 352, 128, 146, 0
line, 1404, 490, 506, 0
line, 239, 108, 109, 0
line, 240, 109, 110, 0
line, 833, 319, 312, 0
line, 362, 133, 139, 0
line, 1350, 435, 469, 0
line, 241, 110, 103, 0
line, 242, 103, 100, 0
line, 1255, 457, 438, 0
line, 372, 141, 74, 0
line, 243, 100, 9, 0
line, 244, 98, 111, 0
line, 837, 320, 321, 0
line, 1177, 369, 388, 0
line, 366, 92, 134, 0
line, 245, 111, 112, 0
line, 246, 112, 113, 0
line, 360, 147, 79, 0
line, 1348, 475, 481, 0
line, 247, 113, 114, 0
line, 248, 114, 115, 0
line, 841, 324, 313, 0
line, 370, 91, 135, 0
line, 1358, 293, 446, 0
line, 249, 115, 104, 0
line, 250, 104, 101, 0
line, 1263, 463, 464, 0
line, 380, 107, 113, 0
line, 251, 101, 10, 0
line, 252, 96, 116, 0
line, 845, 325, 326, 0
line, 1249, 458, 453, 0
line, 374, 136, 69, 0
line, 253, 116, 117, 0
line, 254, 117, 118, 0
line, 368, 140, 145, 0
line, 1356, 307, 456, 0
line, 255, 118, 119, 0
line, 257, 120, 121, 0
line, 688, 270, 271, 0
line, 259, 122, 47, 0
line, 261, 123, 124, 0
line, 692, 273, 274, 0
line, 263, 125, 126, 0
line, 265, 127, 105, 0
line, 696, 277, 205, 0
line, 267, 102, 11, 0
line, 269, 110, 115, 0
line, 700, 280, 281, 0
line, 271, 127, 91, 0
line, 273, 109, 114, 0
line, 640, 250, 251, 0
line, 275, 126, 92, 0
line, 277, 125, 113, 0
line, 644, 232, 252, 0
line, 279, 108, 85, 0
line, 281, 107, 112, 0
line, 648, 255, 256, 0
line, 283, 124, 94, 0
line, 285, 106, 111, 0
line, 652, 233, 259, 0
line, 287, 123, 95, 0
line, 289, 128, 129, 0
line, 592, 173, 161, 0
line, 291, 130, 56, 0
line, 293, 131, 132, 0
line, 596, 172, 170, 0
line, 295, 133, 134, 0
line, 297, 135, 136, 0
line, 600, 149, 217, 0
line, 299, 117, 137, 0
line, 301, 138, 139, 0
line, 604, 220, 221, 0
line, 303, 140, 141, 0
line, 305, 118, 142, 0
line, 672, 222, 243, 0
line, 307, 143, 144, 0
line, 309, 145, 74, 0
line, 676, 223, 242, 0
line, 311, 146, 147, 0
line, 313, 121, 148, 0
line, 680, 255, 264, 0
line, 315, 122, 80, 0
line, 317, 100, 10, 0
line, 684, 252, 267, 0
line, 319, 102, 12, 0
line, 321, 136, 141, 0
line, 752, 283, 215, 0
line, 323, 145, 130, 0
line, 325, 147, 148, 0
line, 756, 280, 266, 0
line, 327, 90, 135, 0
line, 329, 140, 144, 0
line, 760, 276, 281, 0
line, 331, 129, 146, 0
line, 333, 91, 134, 0
line, 764, 277, 210, 0
line, 335, 139, 143, 0
line, 1062, 392, 387, 0
line, 337, 128, 120, 0
line, 704, 283, 213, 0
line, 339, 133, 138, 0
line, 341, 142, 119, 0
line, 708, 217, 157, 0
line, 1060, 376, 397, 0
line, 343, 132, 137, 0
line, 344, 137, 118, 0
line, 553, 201, 207, 0
line, 1070, 390, 395, 0
line, 345, 94, 131, 0
line, 712, 225, 272, 0
line, 346, 131, 117, 0
line, 347, 95, 116, 0
line, 349, 131, 137, 0
line, 716, 266, 283, 0
line, 1225, 451, 452, 0
line, 350, 137, 142, 0
line, 1068, 371, 385, 0
line, 351, 142, 128, 0
line, 353, 146, 148, 0
line, 656, 262, 263, 0
line, 355, 94, 132, 0
line, 357, 138, 143, 0
line, 660, 219, 246, 0
line, 359, 129, 147, 0
line, 361, 93, 133, 0
line, 664, 220, 245, 0
line, 363, 139, 144, 0
line, 365, 130, 77, 0
line, 668, 229, 261, 0
line, 367, 134, 140, 0
line, 369, 145, 56, 0
line, 736, 273, 254, 0
line, 371, 135, 141, 0
line, 373, 90, 136, 0
line, 740, 231, 267, 0
line, 375, 97, 95, 0
line, 377, 99, 111, 0
line, 744, 264, 282, 0
line, 379, 87, 107, 0
line, 381, 113, 126, 0
line, 748, 268, 274, 0
line, 383, 106, 112, 0
line, 384, 112, 125, 0
line, 529, 163, 196, 0
line, 1555, 517, 523, 0
line, 386, 111, 124, 0
line, 388, 123, 94, 0
line, 533, 189, 44, 0
line, 390, 108, 114, 0
line, 392, 127, 90, 0
line, 537, 206, 43, 0
line, 1563, 513, 507, 0
line, 394, 109, 115, 0
line, 396, 105, 89, 0
line, 541, 166, 193, 0
line, 398, 84, 110, 0
line, 400, 104, 102, 0
line, 609, 225, 226, 0
line, 402, 103, 101, 0
line, 404, 149, 150, 0
line, 613, 229, 230, 0
line, 406, 151, 152, 0
line, 408, 153, 154, 0
line, 617, 233, 234, 0
line, 410, 155, 156, 0
line, 412, 149, 157, 0
line, 621, 236, 237, 0
line, 414, 158, 159, 0
line, 416, 160, 161, 0
line, 561, 191, 213, 0
line, 1078, 404, 405, 0
line, 417, 161, 162, 0
line, 720, 271, 276, 0
line, 418, 162, 163, 0
line, 1239, 442, 431, 0
line, 420, 164, 165, 0
line, 565, 209, 192, 0
line, 421, 165, 166, 0
line, 724, 282, 257, 0
line, 1233, 456, 457, 0
line, 422, 166, 167, 0
line, 1076, 116, 403, 0
line, 423, 167, 20, 0
line, 424, 150, 168, 0
line, 569, 162, 198, 0
line, 426, 169, 170, 0
line, 1247, 459, 436, 0
line, 428, 151, 171, 0
line, 573, 23, 179, 0
line, 1241, 450, 455, 0
line, 430, 172, 173, 0
line, 432, 23, 174, 0
line, 513, 168, 158, 0
line, 1539, 233, 502, 0
line, 434, 175, 176, 0
line, 436, 177, 178, 0
line, 517, 198, 204, 0
line, 438, 171, 168, 0
line, 440, 22, 179, 0
line, 521, 212, 214, 0
line, 1547, 509, 515, 0
line, 442, 180, 181, 0
line, 444, 182, 183, 0
line, 525, 203, 208, 0
line, 446, 172, 169, 0
line, 448, 21, 184, 0
line, 593, 161, 199, 0
line, 450, 185, 186, 0
line, 452, 187, 188, 0
line, 597, 152, 171, 0
line, 454, 173, 170, 0
line, 456, 152, 178, 0
line, 601, 217, 218, 0
line, 458, 183, 188, 0
line, 460, 153, 177, 0
line, 605, 221, 222, 0
line, 462, 182, 187, 0
line, 464, 165, 186, 0
line, 673, 243, 248, 0
line, 466, 181, 176, 0
line, 468, 155, 175, 0
line, 677, 242, 247, 0
line, 470, 180, 185, 0
line, 472, 156, 174, 0
line, 681, 264, 265, 0
line, 474, 179, 184, 0
line, 476, 43, 189, 0
line, 685, 267, 268, 0
line, 478, 190, 191, 0
line, 480, 40, 193, 0
line, 625, 239, 240, 0
line, 482, 194, 195, 0
line, 484, 196, 197, 0
line, 629, 242, 243, 0
line, 486, 198, 199, 0
line, 488, 200, 201, 0
line, 633, 246, 239, 0
line, 490, 202, 203, 0
line, 492, 204, 205, 0
line, 637, 247, 248, 0
line, 494, 206, 207, 0
line, 496, 208, 209, 0
line, 577, 181, 187, 0
line, 498, 44, 211, 0
line, 500, 212, 213, 0
line, 581, 186, 164, 0
line, 502, 214, 215, 0
line, 504, 47, 216, 0
line, 585, 155, 176, 0
line, 506, 215, 213, 0
line, 508, 192, 210, 0
line, 589, 154, 177, 0
line, 510, 205, 199, 0
line, 512, 150, 157, 0
line, 514, 169, 159, 0
line, 1458, 528, 529, 0
line, 515, 170, 160, 0
line, 516, 161, 198, 0
line, 518, 204, 209, 0
line, 519, 209, 191, 0
line, 520, 191, 212, 0
line, 522, 214, 46, 0
line, 1466, 535, 536, 0
line, 523, 162, 197, 0
line, 524, 197, 203, 0
line, 526, 208, 190, 0
line, 527, 190, 211, 0
line, 528, 211, 45, 0
line, 530, 196, 202, 0
line, 1410, 510, 511, 0
line, 531, 202, 207, 0
line, 532, 207, 189, 0
line, 534, 164, 195, 0
line, 535, 195, 201, 0
line, 536, 201, 206, 0
line, 538, 165, 194, 0
line, 1418, 515, 516, 0
line, 539, 194, 200, 0
line, 540, 200, 42, 0
line, 542, 193, 41, 0
line, 543, 167, 40, 0
line, 544, 167, 193, 0
line, 546, 200, 206, 0
line, 1362, 459, 435, 0
line, 547, 206, 189, 0
line, 548, 189, 211, 0
line, 1216, 308, 446, 0
line, 550, 214, 216, 0
line, 551, 166, 194, 0
line, 552, 194, 201, 0
line, 554, 207, 190, 0
line, 1370, 448, 454, 0
line, 555, 190, 212, 0
line, 556, 212, 215, 0
line, 1224, 307, 451, 0
line, 558, 195, 202, 0
line, 559, 202, 208, 0
line, 560, 208, 191, 0
line, 562, 164, 196, 0
line, 1442, 516, 511, 0
line, 563, 196, 203, 0
line, 564, 203, 209, 0
line, 1232, 306, 456, 0
line, 566, 163, 197, 0
line, 567, 197, 204, 0
line, 568, 204, 210, 0
line, 570, 198, 205, 0
line, 1450, 514, 519, 0
line, 571, 21, 167, 0
line, 572, 22, 184, 0
line, 1240, 424, 450, 0
line, 574, 8, 174, 0
line, 575, 156, 175, 0
line, 576, 175, 181, 0
line, 578, 187, 163, 0
line, 1522, 539, 525, 0
line, 579, 174, 180, 0
line, 580, 180, 186, 0
line, 582, 179, 185, 0
line, 583, 185, 165, 0
line, 584, 184, 166, 0
line, 586, 176, 182, 0
line, 1530, 499, 530, 0
line, 587, 182, 188, 0
line, 588, 188, 162, 0
line, 590, 177, 183, 0
line, 591, 183, 173, 0
line, 1315, 474, 479, 0
line, 594, 153, 178, 0
line, 1474, 256, 542, 0
line, 595, 178, 172, 0
line, 598, 171, 169, 0
line, 599, 151, 168, 0
line, 1323, 466, 472, 0
line, 602, 218, 219, 0
line, 1482, 504, 431, 0
line, 603, 219, 220, 0
line, 606, 222, 223, 0
line, 607, 223, 224, 0
line, 608, 160, 225, 0
line, 610, 226, 227, 0
line, 1426, 520, 521, 0
line, 611, 227, 228, 0
line, 612, 228, 229, 0
line, 614, 230, 231, 0
line, 615, 231, 232, 0
line, 616, 232, 233, 0
line, 618, 234, 235, 0
line, 1434, 518, 523, 0
line, 619, 235, 224, 0
line, 620, 217, 236, 0
line, 622, 237, 238, 0
line, 623, 238, 225, 0
line, 624, 218, 239, 0
line, 626, 240, 241, 0
line, 1506, 500, 528, 0
line, 627, 241, 226, 0
line, 628, 235, 242, 0
line, 630, 243, 244, 0
line, 631, 244, 245, 0
line, 632, 245, 246, 0
line, 634, 239, 236, 0
line, 1514, 533, 538, 0
line, 635, 236, 157, 0
line, 636, 234, 247, 0
line, 638, 248, 249, 0
line, 639, 249, 250, 0
line, 641, 251, 240, 0
line, 1299, 442, 432, 0
line, 642, 240, 237, 0
line, 643, 237, 158, 0
line, 645, 252, 253, 0
line, 646, 253, 254, 0
line, 647, 254, 255, 0
line, 649, 256, 257, 0
line, 1307, 434, 469, 0
line, 650, 257, 258, 0
line, 651, 258, 47, 0
line, 653, 259, 260, 0
line, 654, 260, 261, 0
line, 655, 261, 262, 0
line, 657, 263, 241, 0
line, 1379, 450, 444, 0
line, 658, 241, 238, 0
line, 659, 238, 159, 0
line, 661, 246, 251, 0
line, 662, 251, 263, 0
line, 663, 263, 227, 0
line, 665, 245, 250, 0
line, 1387, 491, 492, 0
line, 666, 250, 262, 0
line, 667, 262, 228, 0
line, 669, 261, 249, 0
line, 670, 249, 244, 0
line, 671, 244, 221, 0
line, 1331, 478, 461, 0
line, 674, 248, 260, 0
line, 1490, 544, 258, 0
line, 675, 260, 230, 0
line, 678, 247, 259, 0
line, 679, 259, 231, 0
line, 1339, 462, 484, 0
line, 682, 265, 266, 0
line, 1498, 530, 535, 0
line, 683, 266, 192, 0
line, 686, 268, 269, 0
line, 687, 269, 270, 0
line, 689, 271, 272, 0
line, 1283, 483, 484, 0
line, 690, 272, 199, 0
line, 691, 253, 273, 0
line, 693, 274, 275, 0
line, 694, 275, 276, 0
line, 695, 276, 277, 0
line, 697, 254, 278, 0
line, 1291, 485, 464, 0
line, 698, 278, 279, 0
line, 699, 279, 280, 0
line, 701, 281, 210, 0
line, 702, 256, 282, 0
line, 703, 282, 283, 0
line, 705, 257, 284, 0
line, 1363, 446, 452, 0
line, 706, 284, 215, 0
line, 707, 258, 216, 0
line, 709, 236, 158, 0
line, 710, 237, 159, 0
line, 1061, 397, 392, 0
line, 711, 238, 160, 0
line, 713, 272, 277, 0
line, 1371, 454, 460, 0
line, 714, 277, 281, 0
line, 715, 281, 266, 0
line, 717, 283, 284, 0
line, 718, 284, 258, 0
line, 1069, 385, 390, 0
line, 719, 226, 271, 0
line, 721, 276, 280, 0
line, 1443, 511, 493, 0
line, 722, 280, 265, 0
line, 723, 265, 282, 0
line, 725, 227, 270, 0
line, 726, 270, 275, 0
line, 1077, 403, 404, 0
line, 727, 275, 279, 0
line, 729, 264, 256, 0
line, 1451, 519, 502, 0
line, 730, 228, 269, 0
line, 731, 269, 274, 0
line, 733, 278, 255, 0
line, 734, 229, 268, 0
line, 1085, 410, 411, 0
line, 735, 268, 273, 0
line, 737, 230, 267, 0
line, 1395, 498, 499, 0
line, 738, 267, 253, 0
line, 739, 231, 252, 0
line, 741, 267, 273, 0
line, 742, 273, 278, 0
line, 743, 278, 264, 0
line, 745, 282, 284, 0
line, 1403, 505, 496, 0
line, 746, 284, 216, 0
line, 747, 230, 268, 0
line, 749, 274, 279, 0
line, 750, 279, 265, 0
line, 751, 265, 283, 0
line, 753, 229, 269, 0
line, 1347, 468, 475, 0
line, 754, 269, 275, 0
line, 755, 275, 280, 0
line, 757, 266, 213, 0
line, 758, 228, 270, 0
line, 759, 270, 276, 0
line, 761, 281, 192, 0
line, 762, 227, 271, 0
line, 1355, 306, 439, 0
line, 763, 271, 277, 0
line, 765, 226, 272, 0
line, 766, 272, 205, 0
line, 767, 233, 231, 0
line, 768, 234, 259, 0
line, 770, 224, 242, 0
line, 771, 223, 243, 0
line, 1202, 434, 435, 0
line, 772, 243, 249, 0
line, 774, 262, 227, 0
line, 775, 242, 248, 0
line, 776, 248, 261, 0
line, 778, 247, 260, 0
line, 779, 260, 229, 0
line, 1210, 441, 442, 0
line, 780, 259, 230, 0
line, 782, 244, 250, 0
line, 783, 250, 263, 0
line, 784, 263, 226, 0
line, 786, 245, 251, 0
line, 787, 251, 241, 0
line, 1154, 374, 407, 0
line, 788, 241, 225, 0
line, 790, 220, 246, 0
line, 791, 246, 240, 0
line, 792, 240, 238, 0
line, 794, 239, 237, 0
line, 795, 218, 236, 0
line, 1162, 88, 385, 0
line, 796, 285, 286, 0
line, 798, 287, 288, 0
line, 799, 288, 289, 0
line, 800, 289, 290, 0
line, 802, 291, 292, 0
line, 803, 292, 293, 0
line, 1106, 413, 417, 0
line, 804, 285, 294, 0
line, 806, 295, 296, 0
line, 1472, 540, 541, 0
line, 807, 296, 297, 0
line, 808, 297, 298, 0
line, 810, 299, 300, 0
line, 811, 300, 301, 0
line, 1114, 416, 401, 0
line, 812, 301, 302, 0
line, 814, 303, 304, 0
line, 1480, 489, 429, 0
line, 815, 304, 305, 0
line, 816, 305, 306, 0
line, 818, 307, 308, 0
line, 819, 308, 293, 0
line, 1186, 382, 380, 0
line, 820, 286, 309, 0
line, 822, 310, 311, 0
line, 1488, 526, 543, 0
line, 823, 311, 298, 0
line, 824, 287, 312, 0
line, 826, 313, 314, 0
line, 827, 314, 299, 0
line, 1194, 427, 428, 0
line, 828, 308, 315, 0
line, 830, 316, 317, 0
line, 1496, 542, 257, 0
line, 831, 317, 318, 0
line, 832, 318, 319, 0
line, 834, 312, 309, 0
line, 835, 309, 294, 0
line, 1266, 466, 467, 0
line, 836, 307, 320, 0
line, 838, 321, 322, 0
line, 839, 322, 323, 0
line, 840, 323, 324, 0
line, 842, 313, 310, 0
line, 843, 310, 295, 0
line, 1274, 474, 475, 0
line, 844, 305, 325, 0
line, 846, 326, 327, 0
line, 847, 327, 328, 0
line, 850, 330, 331, 0
line, 1059, 398, 375, 0
line, 851, 331, 47, 0
line, 1218, 447, 448, 0
line, 854, 333, 334, 0
line, 855, 334, 335, 0
line, 858, 314, 311, 0
line, 1067, 396, 377, 0
line, 859, 311, 296, 0
line, 1226, 452, 453, 0
line, 862, 324, 336, 0
line, 863, 336, 300, 0
line, 864, 289, 318, 0
line, 866, 323, 335, 0
line, 867, 335, 301, 0
line, 1170, 390, 396, 0
line, 868, 302, 334, 0
line, 870, 322, 317, 0
line, 871, 317, 290, 0
line, 872, 291, 316, 0
line, 874, 321, 333, 0
line, 875, 333, 303, 0
line, 1178, 388, 394, 0
line, 876, 292, 315, 0
line, 878, 320, 332, 0
line, 879, 332, 304, 0
line, 880, 328, 337, 0
line, 882, 338, 339, 0
line, 883, 339, 340, 0
line, 1250, 453, 448, 0
line, 884, 325, 341, 0
line, 886, 342, 343, 0
line, 887, 343, 344, 0
line, 888, 344, 345, 0
line, 890, 346, 347, 0
line, 891, 326, 348, 0
line, 1258, 451, 456, 0
line, 892, 348, 349, 0
line, 894, 350, 351, 0
line, 895, 351, 352, 0
line, 897, 327, 354, 0
line, 1558, 512, 518, 0
line, 898, 354, 355, 0
line, 1043, 380, 295, 0
line, 899, 355, 356, 0
line, 901, 357, 358, 0
line, 902, 329, 359, 0
line, 903, 359, 360, 0
line, 1556, 523, 497, 0
line, 905, 330, 362, 0
line, 1566, 506, 504, 0
line, 906, 362, 363, 0
line, 1051, 381, 296, 0
line, 907, 331, 364, 0
line, 909, 364, 363, 0
line, 910, 363, 361, 0
line, 911, 361, 340, 0
line, 1564, 507, 505, 0
line, 913, 358, 353, 0
line, 914, 353, 347, 0
line, 1123, 405, 410, 0
line, 915, 347, 297, 0
line, 917, 309, 295, 0
line, 918, 310, 296, 0
line, 919, 311, 297, 0
line, 921, 346, 352, 0
line, 922, 352, 357, 0
line, 1131, 378, 116, 0
line, 923, 357, 339, 0
line, 925, 360, 362, 0
line, 926, 362, 331, 0
line, 927, 299, 345, 0
line, 930, 356, 338, 0
line, 1075, 402, 340, 0
line, 931, 338, 359, 0
line, 1234, 457, 458, 0
line, 934, 344, 350, 0
line, 935, 350, 355, 0
line, 938, 301, 343, 0
line, 1083, 117, 409, 0
line, 939, 343, 349, 0
line, 1242, 455, 460, 0
line, 942, 302, 342, 0
line, 943, 342, 348, 0
line, 945, 303, 341, 0
line, 1542, 224, 509, 0
line, 946, 341, 326, 0
line, 1027, 384, 373, 0
line, 947, 304, 325, 0
line, 949, 341, 348, 0
line, 950, 348, 354, 0
line, 951, 354, 337, 0
line, 1540, 234, 519, 0
line, 953, 359, 362, 0
line, 1550, 514, 520, 0
line, 954, 362, 364, 0
line, 1035, 379, 294, 0
line, 955, 303, 342, 0
line, 957, 349, 355, 0
line, 958, 355, 338, 0
line, 959, 338, 360, 0
line, 1548, 515, 521, 0
line, 961, 302, 343, 0
line, 962, 343, 350, 0
line, 1107, 417, 402, 0
line, 963, 350, 356, 0
line, 965, 339, 361, 0
line, 966, 301, 344, 0
line, 967, 344, 351, 0
line, 1317, 461, 329, 0
line, 969, 357, 340, 0
line, 970, 300, 345, 0
line, 1115, 401, 418, 0
line, 971, 345, 352, 0
line, 973, 299, 346, 0
line, 974, 346, 353, 0
line, 975, 306, 304, 0
line, 1325, 438, 465, 0
line, 977, 308, 320, 0
line, 978, 293, 315, 0
line, 1187, 366, 379, 0
line, 979, 292, 316, 0
line, 981, 322, 335, 0
line, 982, 335, 300, 0
line, 983, 315, 321, 0
line, 1333, 483, 486, 0
line, 985, 334, 301, 0
line, 986, 320, 333, 0
line, 1195, 428, 293, 0
line, 987, 333, 302, 0
line, 989, 291, 317, 0
line, 990, 317, 323, 0
line, 991, 323, 336, 0
line, 1341, 437, 467, 0
line, 993, 290, 318, 0
line, 994, 318, 324, 0
line, 1139, 377, 404, 0
line, 995, 324, 314, 0
line, 997, 298, 347, 0
line, 998, 289, 319, 0
line, 999, 319, 313, 0
line, 1001, 288, 312, 0
line, 1002, 312, 310, 0
line, 1147, 411, 416, 0
line, 1003, 287, 309, 0
line, 1005, 365, 366, 0
line, 1006, 366, 367, 0
line, 1007, 367, 368, 0
line, 1009, 369, 370, 0
line, 1010, 370, 371, 0
line, 1091, 415, 416, 0
line, 1011, 371, 88, 0
line, 1013, 372, 373, 0
line, 1014, 373, 374, 0
line, 1015, 374, 375, 0
line, 1017, 376, 377, 0
line, 1018, 377, 378, 0
line, 1099, 122, 364, 0
line, 1019, 378, 96, 0
line, 1021, 379, 380, 0
line, 1022, 380, 381, 0
line, 1023, 381, 372, 0
line, 1024, 366, 382, 0
line, 1025, 382, 383, 0
line, 1026, 383, 384, 0
line, 1029, 385, 386, 0
line, 1031, 387, 388, 0
line, 1032, 388, 389, 0
line, 1033, 389, 382, 0
line, 1034, 382, 379, 0
line, 1037, 390, 391, 0
line, 1039, 392, 393, 0
line, 1040, 393, 394, 0
line, 1041, 394, 383, 0
line, 1042, 383, 380, 0
line, 1045, 395, 396, 0
line, 1047, 397, 398, 0
line, 1048, 398, 399, 0
line, 1049, 399, 384, 0
line, 1050, 384, 381, 0
line, 1053, 389, 394, 0
line, 1055, 399, 374, 0
line, 1056, 368, 388, 0
line, 1057, 388, 393, 0
line, 1058, 393, 398, 0
line, 1063, 387, 369, 0
line, 1064, 370, 386, 0
line, 1065, 386, 391, 0
line, 1066, 391, 396, 0
line, 1071, 395, 378, 0
line, 1072, 119, 400, 0
line, 1073, 400, 401, 0
line, 1074, 401, 402, 0
line, 1079, 405, 406, 0
line, 1080, 406, 407, 0
line, 1081, 407, 408, 0
line, 1082, 408, 347, 0
line, 1087, 412, 413, 0
line, 1088, 413, 353, 0
line, 1089, 118, 414, 0
line, 1090, 414, 415, 0
line, 1093, 417, 358, 0
line, 1095, 418, 419, 0
line, 1096, 419, 361, 0
line, 1097, 121, 420, 0
line, 1098, 420, 363, 0
line, 1101, 379, 295, 0
line, 1103, 381, 297, 0
line, 1104, 372, 408, 0
line, 1109, 419, 420, 0
line, 1112, 407, 412, 0
line, 1117, 374, 406, 0
line, 1120, 415, 400, 0
line, 1121, 400, 120, 0
line, 1122, 375, 405, 0
line, 1125, 414, 119, 0
line, 1127, 404, 409, 0
line, 1128, 409, 118, 0
line, 1129, 377, 403, 0
line, 1130, 403, 117, 0
line, 1133, 403, 409, 0
line, 1135, 414, 400, 0
line, 1136, 400, 418, 0
line, 1137, 418, 420, 0
line, 1138, 420, 364, 0
line, 1141, 410, 415, 0
line, 1143, 401, 419, 0
line, 1144, 419, 363, 0
line, 1145, 376, 405, 0
line, 1146, 405, 411, 0
line, 1149, 402, 361, 0
line, 1151, 406, 412, 0
line, 1152, 412, 417, 0
line, 1155, 407, 413, 0
line, 1156, 413, 358, 0
line, 1157, 373, 408, 0
line, 1158, 408, 353, 0
line, 1160, 98, 395, 0
line, 1163, 371, 386, 0
line, 1164, 386, 392, 0
line, 1165, 392, 398, 0
line, 1166, 398, 374, 0
line, 1168, 391, 397, 0
line, 1171, 396, 376, 0
line, 1172, 395, 377, 0
line, 1173, 370, 387, 0
line, 1174, 387, 393, 0
line, 1176, 399, 373, 0
line, 1179, 394, 384, 0
line, 1180, 384, 372, 0
line, 1181, 372, 347, 0
line, 1182, 368, 389, 0
line, 1184, 383, 381, 0
line, 1189, 422, 423, 0
line, 1192, 425, 426, 0
line, 1197, 429, 430, 0
line, 1200, 432, 433, 0
line, 1203, 435, 436, 0
line, 1204, 436, 437, 0
line, 1205, 437, 438, 0
line, 1206, 438, 439, 0
line, 1208, 422, 440, 0
line, 1211, 442, 433, 0
line, 1212, 423, 443, 0
line, 1213, 443, 444, 0
line, 1214, 444, 445, 0
line, 1219, 448, 449, 0
line, 1220, 449, 450, 0
line, 1221, 450, 443, 0
line, 1222, 443, 440, 0
line, 1227, 453, 454, 0
line, 1228, 454, 455, 0
line, 1229, 455, 444, 0
line, 1230, 444, 441, 0
line, 1235, 458, 459, 0
line, 1236, 459, 460, 0
line, 1237, 460, 445, 0
line, 1238, 445, 442, 0
line, 1243, 460, 435, 0
line, 1244, 425, 449, 0
line, 1245, 449, 454, 0
line, 1246, 454, 459, 0
line, 1248, 437, 458, 0
line, 1251, 448, 426, 0
line, 1252, 427, 447, 0
line, 1253, 447, 452, 0
line, 1254, 452, 457, 0
line, 1256, 428, 446, 0
line, 1259, 456, 439, 0
line, 1260, 328, 461, 0
line, 1261, 461, 462, 0
line, 1262, 462, 463, 0
line, 1264, 325, 465, 0
line, 1267, 467, 468, 0
line, 1268, 468, 469, 0
line, 1269, 469, 470, 0
line, 1270, 470, 471, 0
line, 1272, 472, 473, 0
line, 1275, 475, 476, 0
line, 1276, 476, 477, 0
line, 1277, 327, 478, 0
line, 1278, 478, 479, 0
line, 1280, 480, 481, 0
line, 1281, 481, 482, 0
line, 1282, 329, 483, 0
line, 1285, 330, 486, 0
line, 1287, 331, 488, 0
line, 1288, 47, 488, 0
line, 1289, 488, 487, 0
line, 1290, 487, 485, 0
line, 1293, 482, 477, 0
line, 1295, 471, 432, 0
line, 1296, 422, 429, 0
line, 1297, 440, 430, 0
line, 1298, 441, 431, 0
line, 1301, 470, 476, 0
line, 1303, 481, 463, 0
line, 1304, 463, 484, 0
line, 1305, 484, 486, 0
line, 1306, 486, 331, 0
line, 1309, 475, 480, 0
line, 1311, 462, 483, 0
line, 1312, 483, 330, 0
line, 1313, 435, 468, 0
line, 1314, 468, 474, 0
line, 1319, 467, 473, 0
line, 1320, 473, 478, 0
line, 1321, 478, 328, 0
line, 1322, 437, 466, 0
line, 1327, 439, 325, 0
line, 1328, 439, 465, 0
line, 1329, 465, 472, 0
line, 1330, 472, 478, 0
line, 1335, 438, 466, 0
line, 1336, 466, 473, 0
line, 1337, 473, 479, 0
line, 1338, 479, 462, 0
line, 1343, 474, 480, 0
line, 1344, 480, 463, 0
line, 1345, 463, 485, 0
line, 1346, 436, 468, 0
line, 1349, 481, 464, 0
line, 1351, 469, 476, 0
line, 1352, 476, 482, 0
line, 1353, 434, 470, 0
line, 1354, 470, 477, 0
line, 1357, 308, 451, 0
line, 1359, 428, 447, 0
line, 1360, 447, 453, 0
line, 1365, 458, 436, 0
line, 1368, 456, 438, 0
line, 1373, 426, 449, 0
line, 1376, 445, 433, 0
line, 1377, 433, 471, 0
line, 1378, 425, 450, 0
line, 1381, 424, 443, 0
line, 1383, 423, 440, 0
line, 1384, 421, 489, 0
line, 1385, 489, 490, 0
line, 1386, 490, 491, 0
line, 1389, 493, 494, 0
line, 1391, 495, 224, 0
line, 1392, 432, 496, 0
line, 1393, 496, 497, 0
line, 1394, 497, 498, 0
line, 1397, 500, 501, 0
line, 1399, 502, 232, 0
line, 1400, 489, 503, 0
line, 1401, 503, 504, 0
line, 1402, 504, 505, 0
line, 1405, 506, 507, 0
line, 1407, 508, 497, 0
line, 1408, 235, 509, 0
line, 1553, 494, 511, 0
line, 1411, 511, 512, 0
line, 1412, 512, 513, 0
line, 1557, 493, 512, 0
line, 1413, 513, 506, 0
line, 1414, 506, 503, 0
line, 1416, 234, 514, 0
line, 1561, 496, 471, 0
line, 1419, 516, 517, 0
line, 1420, 517, 518, 0
line, 1565, 491, 506, 0
line, 1421, 518, 507, 0
line, 1422, 507, 504, 0
line, 1424, 233, 519, 0
line, 1427, 521, 522, 0
line, 1428, 522, 523, 0
line, 1429, 523, 508, 0
line, 1430, 508, 505, 0
line, 1432, 491, 513, 0
line, 1435, 523, 498, 0
line, 1436, 492, 512, 0
line, 1437, 512, 517, 0
line, 1438, 517, 522, 0
line, 1440, 500, 521, 0
line, 1445, 510, 515, 0
line, 1448, 495, 509, 0
line, 1453, 524, 525, 0
line, 1456, 252, 527, 0
line, 1537, 497, 532, 0
line, 1459, 529, 530, 0
line, 1460, 530, 531, 0
line, 1541, 235, 514, 0
line, 1461, 531, 532, 0
line, 1462, 532, 471, 0
line, 1464, 533, 534, 0
line, 1545, 516, 522, 0
line, 1467, 536, 537, 0
line, 1468, 537, 477, 0
line, 1549, 521, 499, 0
line, 1469, 254, 538, 0
line, 1470, 538, 539, 0
line, 1475, 542, 543, 0
line, 1476, 543, 485, 0
line, 1477, 257, 544, 0
line, 1478, 544, 487, 0
line, 1483, 505, 432, 0
line, 1484, 496, 532, 0
line, 1485, 532, 537, 0
line, 1486, 537, 541, 0
line, 1491, 497, 531, 0
line, 1492, 531, 536, 0
line, 1493, 536, 540, 0
line, 1494, 540, 525, 0
line, 1499, 535, 539, 0
line, 1500, 539, 524, 0
line, 1501, 524, 256, 0
line, 1502, 499, 529, 0
line, 1504, 534, 538, 0
line, 1507, 528, 533, 0
line, 1508, 533, 254, 0
line, 1509, 501, 527, 0
line, 1510, 527, 253, 0
line, 1512, 502, 527, 0
line, 1515, 538, 524, 0
line, 1516, 524, 542, 0
line, 1517, 542, 544, 0
line, 1518, 544, 488, 0
line, 1520, 528, 534, 0
line, 1523, 525, 543, 0
line, 1524, 543, 487, 0
line, 1525, 500, 529, 0
line, 1526, 529, 535, 0
line, 1528, 540, 526, 0
line, 1531, 530, 536, 0
line, 1532, 536, 541, 0
line, 1533, 541, 464, 0
line, 1534, 498, 531, 0
line, 1536, 537, 482, 0
line, 1538, 532, 477, 0
line, 1543, 495, 510, 0
line, 1544, 510, 516, 0
line, 1546, 522, 498, 0
line, 1551, 520, 500, 0
line, 1552, 519, 501, 0
line, 1554, 511, 517, 0
line, 1559, 518, 508, 0
line, 1560, 508, 496, 0
line, 1562, 492, 513, 0
line, 1567, 490, 503, 0
cnst, 149, 1, 90
cnst, 421, 1, 0
cnst, 285, 1, 90
cnst, 0, 1, 0
mtrl, 0, Default material, 207000, 7.83e-07, 6000.02
