Modal Initial Displacement Matrix
       0
 57.6047
  2.8585
 55.3852
  6.6366
 57.2198
 12.4843
 61.9062
 20.9991
 68.0779
 32.2218
 74.0591
 45.4523
  77.851
 59.0041
 77.2192
 99.1244
       0
 57.4497
       0
 56.6271
       0
 55.2837
       0
 53.9887
  8.6845
 54.4395
 18.4864
 55.5352
 28.8139
  57.294
 39.5057
 59.7994
  49.832
 62.7645
 58.8647
 65.7791
 65.8413
 68.3385
 98.0829
 99.1958
 99.8844
     100
  5.0001
 55.1624
  5.9461
  55.066
  6.4023
 54.9343
 11.3107
 56.4791
 13.6041
 56.5609
 15.3103
 56.7038
 64.4877
 75.1691
 53.5967
  74.307
 41.4073
 70.3923
 29.7056
 65.1847
 19.5266
 60.1474
 65.4511
 74.4495
 56.2973
 73.2051
 45.2429
 69.3072
 33.8082
 64.4499
 23.0497
 59.9134
 95.7567
 91.3634
 84.5497
 75.0303
 62.5214
 46.5616
 26.2674
 65.4445
 72.6625
  57.288
 71.1135
 47.2175
 67.5715
 36.2892
 63.3781
 25.4494
 59.5618
 34.8097
  48.522
  20.865
 46.7005
  9.9398
 47.4532
       0
 49.6885
 58.8227
 66.0866
 49.0026
    63.4
 39.1982
 60.6741
 29.0956
 58.2759
 19.0626
  56.541
  9.4071
 55.5435
       0
 54.9788
 51.8439
 61.8692
 39.8775
 59.0773
 29.3188
 56.9783
 19.1654
 55.7034
  9.4038
 55.2226
       0
 55.3388
 43.9252
 56.0218
 30.5684
 53.3805
 19.6557
 52.4091
  9.6125
 52.6486
       0
 53.7368
 24.3754
 39.5394
   10.66
 39.5428
       0
 42.8049
 12.7683
 29.3771
       0
 32.8178
       0
 19.3624
 -2.8585
 55.3852
 -6.6366
 57.2198
-12.4843
 61.9062
-20.9991
 68.0779
-32.2218
 74.0591
-45.4523
  77.851
-59.0041
 77.2192
-99.1244
 -8.6845
 54.4395
-18.4864
 55.5352
-28.8139
  57.294
-39.5057
 59.7994
 -49.832
 62.7645
-58.8647
 65.7791
-65.8413
 68.3385
-98.0829
-99.1958
-99.8844
    -100
 -5.0001
 55.1624
 -5.9461
  55.066
 -6.4023
 54.9343
-11.3107
 56.4791
-13.6041
 56.5609
-15.3103
 56.7038
-64.4877
 75.1691
-53.5967
  74.307
-41.4073
 70.3923
-29.7056
 65.1847
-19.5266
 60.1474
-65.4511
 74.4495
-56.2973
 73.2051
-45.2429
 69.3072
-33.8082
 64.4499
-23.0497
 59.9134
-95.7567
-91.3634
-84.5497
-75.0303
-62.5214
-46.5616
-26.2674
-65.4445
 72.6625
 -57.288
 71.1135
-47.2175
 67.5715
-36.2892
 63.3781
-25.4494
 59.5618
-34.8097
  48.522
 -20.865
 46.7005
 -9.9398
 47.4532
-58.8227
 66.0866
-49.0026
    63.4
-39.1982
 60.6741
-29.0956
 58.2759
-19.0626
  56.541
 -9.4071
 55.5435
-51.8439
 61.8692
-39.8775
 59.0773
-29.3188
 56.9783
-19.1654
 55.7034
 -9.4038
 55.2226
-43.9252
 56.0218
-30.5684
 53.3805
-19.6557
 52.4091
 -9.6125
 52.6486
-24.3754
 39.5394
  -10.66
 39.5428
-12.7683
 29.3771

Modal Initial Velocity Matrix
0
0
0
0
0
0
0
0
0
0
0
0
0
0
0
0
0
0
0
0
0
0
0
0
0
0
0
0
0
0
0
0
0
0
0
0
0
0
0
0
0
0
0
0
0
0
0
0
0
0
0
0
0
0
0
0
0
0
0
0
0
0
0
0
0
0
0
0
0
0
0
0
0
0
0
0
0
0
0
0
0
0
0
0
0
0
0
0
0
0
0
0
0
0
0
0
0
0
0
0
0
0
0
0
0
0
0
0
0
0
0
0
0
0
0
0
0
0
0
0
0
0
0
0
0
0
0
0
0
0
0
0
0
0
0
0
0
0
0
0
0
0
0
0
0
0
0
0
0
0
0
0
0
0
0
0
0
0
0
0
0
0
0
0
0
0
0
0
0
0
0
0
0
0
0
0
0
0
0
0
0
0
0
0
0
0
0
0
0
0
0
0
0
0
0
0
0
0
0
0
0
0
0
0
0
0
0
0
0
0
0
0
0
0
0
0
0
0
0
0
0
0
0
0
0
0
0
0
0
0
0
0
0
0
0
0
0
0
0
0
0
0
0
0
0
0
0
0
0
0
0
0
0
0
0
0
0
0
0
0
0
0
0
0
0
0
0
0
0
0
0
0

