node, 0, 743.243, 514.934
node, 1, 500, 866.025
node, 2, 1756.76, 514.934
node, 3, 2000, 866.025
node, 4, 0, 0
node, 5, 1250, 866.025
node, 6, 2500, 0
node, 7, 2250, 433.013
node, 8, 250, 433.013
line, 0, 0, 1, 0
line, 1, 2, 3, 0
line, 2, 4, 0, 0
line, 3, 0, 5, 0
line, 4, 5, 2, 0
line, 5, 2, 6, 0
line, 6, 0, 2, 0
line, 7, 2, 7, 0
line, 8, 0, 8, 0
line, 9, 4, 8, 0
line, 10, 8, 1, 0
line, 11, 1, 5, 0
line, 12, 5, 3, 0
line, 13, 3, 7, 0
line, 14, 7, 6, 0
cnst, 4, 0, 90
cnst, 6, 1, 90
load, 5, 100, 90, 0.2, 0.6, 1250, 866.025
ptms, 1, 100, 100
ptms, 3, 100, 100
ilcd, 8, 10, 0, 10, 0
ilcd, 7, -10, 0, -10, 0
mtrl, 0, Default material, 207000, 7.83e-09, 6000.02
